8081
2710
3608
2053
7524
2576
3847
6420
727
5247
2071
6304
821
2315
5956
2806
6959
7055
2895
4007
1307
206
3137
91
1857
219
1367
4522
7591
9907
8694
6431
2978
3928
7349
394
2971
2317
6916
2495
844
6552
3056
6148
7247
2314
3325
6051
5235
4806
6996
3652
5950
540
3571
2415
5248
704
3143
4880
3569
1263
1016
130
7277
7372
5033
6660
5471
6829
5529
3144
657
3163
799
3352
5482
405
3534
6756
8349
5281
5865
3507
8966
1522
3160
482
895
2519
2994
4756
3551
3117
6555
4689
6487
4714
5579
9802
8645
8370
2131
9848
1181
5385
8421
9806
2269
1330
6867
6801
4371
5581
3661
2250
7877
9443
8954
7741
7660
8701
8743
9800
6764
3248
7159
2119
4048
1587
4545
1011
2974
1150
435
7044
924
961
4436
5351
4913
6547
2423
2881
2953
242
4005
2128
8794
7569
2241
9324
8416
7607
5412
2430
4258
4201
4724
4240
7530
6683
2429
5538
431
2456
3953
936
3759
5232
474
6452
1671
3967
730
132
1625
7023
7149
1394
720
1318
5624
656
9391
6392
8255
15
7418
8243
5726
2111
304
5817
9331
2421
9028
4315
1469
2147
5665
3950
3709
9502
8027
7603
5894
6271
1855
1614
4813
768
95
2200
4132
5596
3941
2176
5293
4167
8205
7319
1105
4848
1107
6374
4039
5711
3877
3515
1685
5441
1495
3080
2468
3665
5620
932
5065
9183
6324
6623
3633
4651
6589
6258
1519
5341
3610
389
6256
3911
1778
3910
6600
5849
1745
5226
868
483
56
3332
6194
369
1020
2759
4026
3225
1006
5003
7465
7218
3169
4424
3266
4016
1541
3140
7157
6808
3385
4996
3881
7085
1357
790
6475
3734
2086
3192
2093
6595
7535
6936
5846
4439
7797
1545
3693
4311
289
5415
3034
4668
537
4015
1202
3516
4851
480
3585
886
1576
2497
5477
904
4366
5175
1591
3322
1807
1563
9455
5536
9613
1849
6643
408
6564
5194
7288
4492
2531
6791
944
983
4773
7454
6878
142
179
3118
3320
7925
33
6468
5403
8207
9244
8568
8087
7668
8079
3770
744
5654
4185
9369
9991
8100
7734
9652
8975
9724
5139
9674
8558
6449
6741
2446
1648
2412
5366
2625
1074
549
5784
3767
8180
5657
2244
1098
3413
3195
6491
3309
2661
2716
948
1007
1291
1320
2356
63
1184
6183
5998
90
1846
8108
7793
7906
155
6039
3278
3824
1138
2236
9089
8053
3086
9106
1896
4537
6057
4743
317
5060
8382
4991
2168
1305
1920
3414
7578
9133
9923
9979
9807
9663
9846
9612
9871
9353
9601
5774
5612
3798
9894
8395
9075
9527
1249
5682
6265
2903
8557
9928
8454
9266
1266
2529
2213
2923
4785
8917
9447
9017
9201
7716
8956
8508
8994
8250
8918
9291
8535
8926
6649
7746
9528
7609
7773
9654
9130
7628
9050
3301
2805
9767
9081
8351
9561
9571
8001
8422
9440
8555
9400
9690
9209
126
9435
9114
8226
8674
7901
8415
8310
7928
